0000000000000001 1000 0000 00000010
0000000000000010 1000 0001 00000011
0000000000000100 1000 0010 00000101
0000000000001000 1000 0011 00000111
0000000000010000 1000 0100 00001011
0000000000100000 1000 0101 00001101
0000000001000000 1000 0110 00010001
0000000010000000 1000 0111 00010011
0000000100000000 1000 1000 00010111
0000001000000000 1000 1001 00011101
0000010000000000 1000 1010 00011111
0000100000000000 1000 1011 00100101
0001000000000000 1000 1100 00101001
0000000000000001 0100 0000 00000010
0000000000000010 0100 0001 00000011
0000000000000100 0100 0010 00000101
0000000000001000 0100 0011 00000111
0000000000010000 0100 0100 00001011
0000000000100000 0100 0101 00001101
0000000001000000 0100 0110 00010001
0000000010000000 0100 0111 00010011
0000000100000000 0100 1000 00010111
0000001000000000 0100 1001 00011101
0000010000000000 0100 1010 00011111
0000100000000000 0100 1011 00100101
0001000000000000 0100 1100 00101001
0000000000000001 0010 0000 00000010
0000000000000010 0010 0001 00000011
0000000000000100 0010 0010 00000101
0000000000001000 0010 0011 00000111
0000000000010000 0010 0100 00001011
0000000000100000 0010 0101 00001101
0000000001000000 0010 0110 00010001
0000000010000000 0010 0111 00010011
0000000100000000 0010 1000 00010111
0000001000000000 0010 1001 00011101
0000010000000000 0010 1010 00011111
0000100000000000 0010 1011 00100101
0001000000000000 0010 1100 00101001
0000000000000001 0001 0000 00000010
0000000000000010 0001 0001 00000011
0000000000000100 0001 0010 00000101
0000000000001000 0001 0011 00000111
0000000000010000 0001 0100 00001011
0000000000100000 0001 0101 00001101
0000000001000000 0001 0110 00010001
0000000010000000 0001 0111 00010011
0000000100000000 0001 1000 00010111
0000001000000000 0001 1001 00011101
0000010000000000 0001 1010 00011111
0000100000000000 0001 1011 00100101
0001000000000000 0001 1100 00101001